0088      8  7 15 12 17 10 18 18 13 17 135 39 27 41 46 203  44  78 460  662
0161     14 20 12  8 14 12 17 20 20 16 153 43 50 50 50 221 105 113 592  861
0268     12 18 11  5 16 13 13 18 17 20 143 48 50 42 32 172 106 101 522  770
0286     20 20 16 16 19 16 19 20 19 18 183 46 41 34 40 161  76  55 475  643
0310     17 20 11 12 15 18 20 20 20 20 173 38 49 54 50 191 124 135 623  898
0328     14 20  6 19 12  9 12 20 14 18 144 47 29 25 30 131  98 121 494  735
0337     11 -- -- 10 -- -- -- 18 -- 13  52 40 30 50 46 211  74 106 443  662
0510     18 20 20 20 17 19 20 20 20 15 189 55 55 55 50 270 130 170 759 1000
0566     16 17 11 10 16 19 20 20 14 19 162 43 35 55 50 235 114 124 635  896
0764     18 19 14 12 17 15 19 20 12 18 164 28 18 50 40 136  73  46 419  588
0927     17 17 18  9 17 20 18 19 17 20 172 48 27 42 50 212  59 119 562  792
0963     16 13  8 15 16 20 20 20 20 19 167 46 40 55 50 191 103 145 606  880
1139     18 20 16 12 16 17 20 18 20 19 176 55 40 55 50 253 125 170 724  991
1167     12 18  8 10 13 -- 16 20  8 18 123 44 47 42 28 161  48 109 441  645
1212     16 20  7 12  8 20 20 20 19 20 162 50 42 53 37 182 108 112 564  820
1214     16 20 17 17 12 17 18 20 19 18 174 50 48 45 50 193  83  86 536  751
1317     12 17 15 13 13 15 19 20 18 19 161 38 44 47 46 210  70 142 583  847
1476     14  9  6 10  5 12 14 20 13 17 120 15 -- 48 30 123  40  43 326  466
1600     16 20 12 10 13 14 18 20 20 20 163 42 40 47 30 159  54 104 480  685
1705     16 20 20 18 11 20 20 18 10 15 168 49 50 50 48 237 130 137 672  945
1709     16 16  9 14 10 13 20 20 -- 18 136 30 25 23 --  78  29  52 295  420
1710     18 20  6 10 12 13 18 20 15 17 149 48 49 49 42 188  65 131 533  782
1712     -- 19 11 12 16 20 20 20 20 20 158 50 40 43 50 229  80 101 568  801
1721     15 20 16 19 12  9 19 -- 20 19 149 48 18 50 10 137 126 144 556  834
1723      8 20  9 18 10 10 17 20 11 19 142 38 32 52 46 220  74 136 572  834
1770     16 16 18  9 17 20 20 20 20 20 176 47 30 50 50 222 126 142 666  946
1816     11 17  8 12 13 16 20 18 19 19 153 42 27 40 30 181  92  96 522  764
1965     18 17 16  8 15 11 19 20 20 18 162 50 41 53 46 190  96 155 603  884
2012     14  7  4  8 16 16 18 20 16 19 138 32 49 54 47 182  59 103 482  703
2017     20 20 14 13 13 13 20 20 19 19 171 55 47 55 50 257 119 147 694  943
2031     16 20 17 19 17 19 20 19 20 15 182 52 49 55 48 204  92 121 599  840
2111     16 17  9  9 14 10 16 19 20 20 150 30 36 39 40 145  67 112 474  696
2119     17 15 14 11 12 12 18 20 17 19 155 48 50 50 50 240 100 136 631  893
2156     16 20 18 15 16 17 20 18 20 18 178 54 44 55 50 203 127 161 669  964
2212     20 20 11 17 14 18 18 20 16 16 170 36 32 26 30 159 121 152 602  877
2221     17 19  5 14 15 14 15 19 20 16 154 25 15 50 30 137  86 144 521  774
2229     14 20  8 12 17 13 18 20 14 17 153 53 40 41 33 212  85 125 575  844
2264     18 20 12 13 18 13 20 20 -- 18 152 50 50 37 50 187  94 161 594  883
2282     14 19 15 16 13 16 19 20 18 19 169 36 34 40 40 150  87 137 543  783
2322     10 17 11 13 17 14 20 20 19 17 158 35 33 45 38 201  81 111 551  801
2327     10 17 14 10 10 12 20 19 20 20 152 33 50 35 44 209  98 120 579  852
2328     12 16  9 10 10 11 17 14 14 19 132 50 35 55 -- 140  82 109 463  685
2531     14 17 12 12  8 20 19 20 20 19 161 43 29 51 50 222  93 142 618  891
2551      8 17  6  8 10 16 19 16 16 19 135 25 28 55 46 199 103 125 562  833
2557     -- 13  3 10 10 13 17 16 13 15 110 -- 27 -- 32  59  43  71 283  415
2565     16 17 12 18 -- 18 19 20 17 19 156 53 39 48 50 190 109 120 575  847
2577     18 20 11 12 13 19 19 20 19 19 170 53 34 45 48 180  67 121 538  765
2583     17 19 15 12 17 11 20 20 18 18 167 44 50 50 50 244  90 117 618  845
2603     12 20  8 15 14 20 17 19 20 -- 145 50 34 50 44 228  75 143 591  851
2620      4  8 13 10 15 11 14 16  8 16 115 34 50 50 46 225  88 106 534  772
2663     12 17 15 10  9 10 18 17 16 19 143 55 41 50 46 242  88 103 576  803
2752     12 20 15  7 11 13 18 20 18 16 150 46 50 50 50 224 110 128 612  891
2769     14 16  9  8 14 17 17 19 13 20 147 45 35 55 50 240  94 123 604  852
2886     20 20 17 17 20 20 19 20 20 18 191 55 40 55 42 192 130 170 683  968
2924     16 19 18 15 17 16 20 18 17 19 175 43 31 55 46 227 119 136 657  925
3121     16 --  6 12 17 12 20 20 14 17 134 43 50 50 50 193  76 129 532  785
3252     11 19 11 14 13 13 16 19 20 18 154 38 35 30 30 176 106 131 567  841
3282     12 13  7  9  8 13 16 18 14 17 127 45 50 50 44 239 103 135 604  861
3317     20 10 12 11 14 15 18 16 16 19 151 51 10 50 30 193  67 104 515  751
3357     14 20  8 10 15 16 17 20 16 16 152 50 50 54 28 213 104 146 615  911
3384     18 20 19 13 14 13 16 20 17 19 169 48 30 25 30 176 105 105 555  796
3525     11 15 12 16 14 20 17 20 20 16 161 50 50 50 35 235  79 108 583  811
3716     15 19 17 11 13 14 19 16 13 15 152 50 50 50 50 252 115 164 683  962
3721     12 20  8 13 19 12 19 20 13 17 153 48 42 48 48 236  97 147 633  904
3721     12 19 13 13 17 14 18 20 16 19 161 43 37 50 42 172  99 150 582  855
3726      6 20 13 17 14 16 19 17 15 15 152 43 31 52 44 220  88 116 576  837
3727     -- 16 12 14 11 20 18 18 20 13 142 48 50 50 35 228  --  38 408  595
3729     12 17  8 12 13 13 16 20 19 19 149 40 32 50 35 207 108 123 587  867
4119     16 15 12 11 14 14 20 20 20 19 161 55 40 52 45 192  97 115 565  821
4174     19 20 19  9 16 12 17 20 -- 20 152 50 48 50 44 192  69  77 490  708
4243     16  9  4 10  5 17 16 13 11 28 129 53 17 55 38 201  48 124 502  734
4245     14 20 19 12 17  9 19 20 18 19 167 43 53 50 50 249 122 133 671  925
4321     18 19 13 12 13 11 19 18 14 16 153 55 46 54 50 250 130 136 669  941
4482     19 18  5 12 14 16 11 15 11 18 139 48 36 55 44 219  76 120 554  806
4561     19 15  8 10 14 10 20 17 20 20 153 42 39 48 44 204  92  73 522  758
4561     12 18  7 12 16 11 19 14 20 19 148 49 35 53 40 177  95 115 535  789
4640     16 19  7  7 18 17 20 19 16 18 157 30 -- 44 38 112  72  53 394  564
4674      9 20 13 10 14 18 18 20 15 16 153 40 50 55 42 187 108 136 584  865
4715     10 16 11 13 15 20 20 20 17 19 161 45 38 50 40 173  41  96 471  670
4868     15 18  8  7 14 14 18 20 20 18 152 50 41 48 29 215 124 150 641  953
4965     19 19 16 20 -- 13 16 18 19 19 159 40 30 54 48 227 130 139 655  948
5245     11 20 19 17 41  9 16 19 19 19 190 46 30 50 46 224  89 149 652  896
5386     14 18  7 15 13 12 17 20 18 15 149 15 50 40 45 179  74  99 501  731
5511      8 17  7 14 16 17 17 20 18 19 153 47 27 52 50 228 101 140 622  899
5697     19 19 16 10 15 12 17 20 18 20 166 53 48 50 34 185 114 149 614  897
5770     16 18 13 12 10 19 19 20 17 17 161 37 39 50 40 166  56 107 490  703
5961     -- 18 20 15 18 16 17 19 12 19 154 43 23 37 35 156  99  89 498  731
5970     12 19  8 16 16 15 19 19 20 12 156 39 32 50 50 221  48  48 473  660
6027     -- 19 13 15 19 18 20 20 15 19 158 30 36 50 -- 116  96  78 448  652
6122     16 17 13 12 17 16 18 19 18 19 165 55 46 50 40 191  86  65 507  718
6145     18 19 11 10 17 17 20 20 15 19 166 27 36 50 44 157 102 152 577  842
6152     16 18  6 13 16 17 18 19 16 20 159 40 44 50 24 158  76 111 504  732
6205     14 11  7  8 15 16 17 11 20 19 138 45 27 27 30 159  45  86 428  619
6289     10 17  9 14 16 12 16 19 20 18 151 33 32 28 33 168  96  95 510  749
6351     14 18 14 14 20  9 17 20 20 19 165 45 35 40 40 174 110 152 601  879
6450     12 19  8  9 -- 12 -- -- -- --  60 45 30 -- --  75  78  52 265  399
6755     12 13  9  8  8 13 18 19 20 14 134 35 25 45 40 190  72 118 514  756
6812     18 16 13 12 15 19 19 20 19 19 170 50 50 52 50 202 106 134 612  882
6823     20 13 13 12 13  6 13 19 14 19 142 40 26 24 21 111  44  76 373  539
6970     18 17  7 11 12 17 20 18 20 18 158 40 22 35 47 180  63  56 457  650
7027     18 17 17 16 15  8 -- 18 12 17 138 50 31 37 35 193 124  94 549  812
7029     14 18 19 18 17 20 20 20 20 18 184 50 50 54 45 254 110 170 718  966
7047     20 20 19 13 19 16 20 20 19 19 185 48 60 52 46 258 130 170 743 1000
7095      5 18 12 10 12 17 18 20 17 18 147 48 44 50 20 162  83 132 524  775
7219     10 16 19 12 15 12 20 19 18 18 159 43 50 50 50 242  65  46 512  685
7221     16 14 10 11 12 20 20 20 20 19 162 51 40 50 50 191  55  73 481  680
7222     14 13 13  7 12  3 18  7  8 19 114 50 18 23 -- 102  61  21 298  426
7348     16 18 14 15 19 17 19 16 15 17 166 30 52 50 50 224  52  71 513  705
7397     16 16 15 16 16 14 17 20 17 16 163 50 41 49 30 226  70 132 591  836
7425     18 20 10 15 18 12 20 20 19 19 171 50 39 54 -- 143  94 107 515  735
7448     14 18 17  8 17 15 20 19 17 18 163 44 15 35 50 189  89 113 554  800
7524     18 19 16  9 18 17 19 18 17 19 170 55 54 53 50 262 112 164 708  960
7569     16 19  7 12 13 20 18 19 16 19 159 40 24 25 35 164  52  62 437  619
7773     16 16 12 11  7  6 17 18 17 17 137 25 20 47 41 180  65  65 447  646
7795      9 12 11 10  7  9 18 15 20 19 130 46 50 51 50 247  54  66 497  669
7934     16 19 11 12 14 20 20 20 20 17 169 35 50 52 50 242  68 147 626  858
8239     13 13 19 10 14 13 15 17 15 19 148 48 45 50 46 239 123 148 658  943
8355     --  8  1  8 --  3 14 14 14 17  79 39 -- 39 46 179  87  81 426  632
8467      3 17  9 13 14 11 17 16  7 19 126 48 35 23 46 195  58 115 494  724
8598     20 20 19 12 16 18 17 20 18 19 179 50 50 50 28 223 104 152 658  926
8708     11 18  6 10  7 14 20 20 16 18 140 35 26 26 46 175  88 124 527  780
8790      7 20 15 10 14 16 13 16 13 17 141 49 60 37 46 247 108 107 603  841
8883     16 19  9 12 20 20 20 16 20 20 172 55 56 50 46 262 124 149 707  955
8976     16 20 14 12 18 12 20 20 17 18 167 41 30 46 45 207 106 108 588  845
9137     16 17  3  6  8 17 14 20 17 16 134 38 40 40 38 156 116 126 532  795
9221     12 17 12 13 14 12 18 19 15 17 149 46 26 50 46 213  80 120 562  824
9247     18 18 12 11 16 16 19 13 20 19 162 35 35 50 30 195  63 134 554  801
9269     11 13 12 12 16  6 15 19  9 17 130 49 42 46 30 217  51 121 519  755
9347     14 19  8  9 18 19 20 19 15 16 157 30 34 47 -- 111  69 101 438  638
9353     14 19 17 17 14 11 17 20 17 17 163 40 35 52 50 219  98  87 567  808
9372     19 20 17  9 15 12 17 18 16 20 163 53 41 50 48 234  56  90 543  743
9415     --  3 11 10 13 11 18 19 12 17 114 50 42 42 38 201 104  92 511  755
9415     14 20 16 19 18 12 20 20 18 19 176 55 50 54 44 203  99 147 625  894
9425     19 20 17 18 15 12 18 18 17 19 173 53 42 54 39 188 130 151 642  931
9429      8 11  9  5 16 12 17 19 20 19 136 55 52 55 46 257  59 121 573  776
9558     17 18 17  9 18 13 16 19 20 20 167 30 35 32 --  97  93 110 467  673
9625     16 17  9 12 14 11 16 20 19 20 154 55 48 47 50 200  90 131 575  848