0036        11    13    --    --    --     8     32    --    23    23    --     46      23    101     254
0088         8     7    15    12    17    10     87    18    39    27    41    107      44    238     579
0117        17    19     6    12    14    20    105    17    31    15    32     78      14    197     430
0161        14    20    12     8    14    12     96    16    43    50    50    143     105    344     881
0221         6    15     4     6    10    18     79    20    40    30    20     90      53    222     559
0265         1     3     1     7     4    14     48    18    --    12    18     30      31    109     278
0328        14    20     6    19    12     9     92    12    47    29    25    101      98    291     781
0337        11    --    --    10    --    --     21    --    40    30    50    120      74    215     603
0510        18    20    20    20    17    19    134    20    55    55    55    165     130    429    1000
0566        16    17    11    10    16    19    109    20    43    35    55    133     114    356     938
0764        18    19    14    12    17    15    114    19    28    18    50     96      73    283     704
0927        17    17    18     9    17    20    116    18    48    27    42    117      59    292     699
1161         5    20    15    12    16     9     94    17    --    --    --      0     113    207     608
1317        12    17    15    13    13    15    104    19    38    44    47    129      70    303     762
1317        18    18    10    10    16    10     97    15    20    50    36    106      62    265     665
1476        14     9     6    10     5    12     70    14    15    --    48     63      40    173     430
1579        --    --    --    --    --    --      0    --    --    --    --      0      50     50     192
1705        16    20    20    18    11    20    125    20    49    50    50    149     130    404    1000
1709        16    16     9    14    10    13     97    19    30    25    23     78      29    204     473
1710        16    11     8    10    10    12     84    17    30    --    --     30      40    154     379
1712        --    19    11    12    16    20     98    20    50    40    43    133      80    311     789
1721        15    20    16    19    12     9    110    19    48    18    50    116     126    352     954
1723         8    20     9    18    10    10     92    17    38    32    52    122      74    288     738
1770        16    16    18     9    17    20    116    20    47    30    50    127     126    369     980
1816        11    17     8    12    13    16     97    20    42    27    40    109      92    298     787
2119        17    15    14    11    12    12     98    17    48    50    50    148     100    346     866
2207        16    17     3    13     9     4     75    13    35    13    40     88      50    213     536
2212        20    20    11    17    14    18    118    18    36    32    26     94     121    333     884
2221        17    19     5    14    15    14     99    15    25    15    50     90      86    275     723
2229        14    20     8    12    17    13    102    18    53    40    41    134      85    321     815
2322        10    17    11    13    17    14    101    19    35    33    45    113      81    295     761
2327        10    17    14    10    10    12     93    20    33    50    35    118      98    309     823
2464        14    12     6    11    14     8     85    20    50     5    35     90      60    235     597
2531        14    17    12    12     8    20    101    18    43    29    51    123      93    317     831
2551         8    17     6     8    10    16     84    19    25    28    55    108     103    295     804
2557        --    13     3    10    10    13     66    17    --    27    --     27      43    136     350
2583        17    19    15    12    17    11    110    19    44    50    50    144      90    344     846
2603        12    20     8    15    14    20    106    17    50    34    50    134      75    315     784
2620         4     8    13    10    15    11     75    14    34    50    50    134      88    297     777
2663        12    17    15    10     9    10     91    18    55    41    50    146      88    325     807
2752        12    20    15     7    11    13     95    17    46    50    50    146     110    351     899
2769        14    16     9     8    14    17     94    16    45    35    55    135      94    323     835
2900        19    14     9    10    11    17    100    20    43    34    47    124      74    298     758
2924        16    19    18    15    17    16    121    20    43    31    55    129     119    369     957
3181         2    18    20    10    12    17     97    18    30    26    28     84      39    220     526
3252        11    19    11    14    13    13     97    16    38    35    30    103     106    306     827
3282        12    13     7     9     8    13     78    16    45    50    50    145     103    326     840
3317        20    10    12    11    14    15    100    18    51    10    50    111      67    278     701
3357        14    20     8    10    15    16     99    16    50    50    54    154     104    357     883
3384        18    20    19    13    14    13    113    16    48    30    25    103     105    321     843
3504         4     9     5     5     7    10     54    14    25     5    30     60      71    185     513
3525        11    15    12    16    14    20    105    17    50    50    50    150      79    334     798
3716        15    19    17    11    13    14    107    18    50    50    50    150     115    372     940
3721        12    20     8    13    19    12    103    19    48    42    48    138      97    338     864
3726         6    20    13    17    14    16    105    19    43    31    52    126      88    319     827
3729        12    17     8    12    13    13     91    16    40    32    50    122     108    321     868
3868        14    19     8    12     4     7     64    --    30    18    15     63      61    188     499
4096        16    18    11     9    16     7     93    16    30    20    50    100      56    249     620
4245        14    20    19    12    17     9    109    18    43    53    50    146     122    377     969
4261        17     9     7    10    10    19     87    15    40    13    28     81      27    195     453
4285        --    --    --    --    --    --      0    --    48    --    --     48      76    124     404
4562        16    16    15    13    12     7     93    14    20    10    18     48      42    183     445
4965        19    19    16    20    --    13    103    16    40    30    54    124     130    357     980
5074        10     7     5     6    --    --     28    --    --    --    --      0      11     39      94
5155         6    13     2     8     6     7     56    14    20    --    --     20      46    122     326
5245        12    18    10    15    16    12     99    16    43    28    59    130      81    310     794
5245        11    20    19    17    41     9    133    16    46    30    50    126      89    348     836
5345        --    20     9    --    --    20     49    --    --    --    --      0      61    110     325
5386        14    18     7    15    13    12     95    16    15    50    40    105      74    274     705
5467        14    15     9    14    14    13     90    11    46    23    50    119      61    270     678
5511         8    17     7    14    16    17     95    16    47    27    52    126     101    322     858
5878        13    18    11    11    14     9     93    17    15    30    50     95      53    241     596
5961        --    18    20    15    18    16    104    17    43    23    37    103      99    306     813
5970        12    19     8    16    16    15    104    18    39    32    50    121      48    273     659
6205        14    11     7     8    15    16     88    17    45    27    27     99      45    232     567
6246        16    13     7     8    10     4     58    --    30    --    --     30      26    114     277
6251        10     9     3     7    11    14     70    16    35    22    --     57      48    175     447
6289        10    17     9    14    16    12     94    16    33    32    28     93      96    283     760
6351        14    18    14    14    20     9    106    17    45    35    40    120     110    336     899
6432         5    14     5     7     8    17     74    18    48    50    30    128      29    231     546
6450        12    19     8     9    --    12     60    --    45    30    --     75      78    213     586
6469        18    18    15     8    13    12    101    17    25    50    45    120      87    308     801
6604        14    13     6     7    10    12     75    13    43    50    38    131      29    235     550
6725        16    20    15    --    16    12     79    --    25    --    --     25      38    142     350
6755        12    13     9     8     8    13     81    18    35    25    45    105      72    258     671
6970        18    17     7    11    12    17    101    19    40    22    35     97      63    261     655
7029        14    18    19    18    17    20    125    19    50    38    48    136     110    371     923
7047        20    20    19    13    19    16    127    20    48    60    52    160     130    417    1000
7095         5    18    12    10    12    17     92    18    48    44    50    142      83    317     789
7145         7    18     9    10    12    11     85    18    35    41    49    125      57    267     667
7219        10    16    19    12    15    12    104    20    43    50    50    143      65    312     743
7222        14    13    13     7    12     3     79    17    50    18    23     91      61    231     592
7348        16    18    14    15    19    17    117    18    30    52    50    132      52    301     700
7354        14    15     9     6    16    15     89    14    41    22    --     63      35    187     446
7397        16    16    15    16    16    14    110    17    50    41    49    140      70    320     769
7448        14    18    17     8    17    15    108    19    44    15    35     94      89    291     761
7569        16    19     7    12    13    20    105    18    40    24    25     89      52    246     602
7722         8    17     9     7     8    15     81    17    20    10    47     77      68    226     590
7773        16    16    12    11     7     6     85    17    25    20    47     92      65    242     621
7777        11    19     5    11    11    11     85    17    23    --    --     23      50    158     402
7795         9    12    11    10     7     9     75    17    46    50    51    147      54    276     646
7925        18    15     7     9    --    --     49    --    25    --    12     37      28    114     284
7934        16    19    11    12    14    20    111    19    35    50    52    137      68    316     761
8182        11    18    --    18    --     8     72    17    40    52    50    142      63    277     675
8239        13    13    19    10    14    13     97    15    48    45    50    143     123    363     953
8261        --    18    11    10    10    15     82    18    --    --    --      0      85    167     478
8355        --     8     1     8    --     3     34    14    39    --    39     78      87    199     579
8376        12    10     6     7     7     9     65    14    25    --    --     25      14    104     231
8405        12    18     9     9    17    17    101    19    40    15    18     73      28    202     464
8467         3    17     9    13    14    11     84    17    48    35    23    106      58    248     626
8470         6    12    --    --     2    --     23     3    43    35    32    110      52    185     498
8598        20    20    19    12    16    18    122    17    50    50    50    150     104    376     900
8708        11    18     6    10     7    14     86    20    35    26    26     87      88    261     700
8772         6     8    --    --    --    --     14    --    --    --    --      0      26     40     126
8790         7    20    15    10    14    16     95    13    49    60    37    146     108    349     891
8883        16    19     9    12    20    20    116    20    55    56    50    161     124    401     976
8976        16    20    14    12    18    12    112    20    41    30    46    117     106    335     880
9034        18    14    13    12    17     9     96    13    30     5    44     79      70    245     631
9221        12    17    12    13    14    12     98    18    46    26    50    122      80    300     773
9247        18    18    12    11    16    16    110    19    35    35    50    120      63    293     722
9269        11    13    12    12    16     6     85    15    49    42    46    137      51    273     653
9353        14    19    17    17    14    11    108    16    20    --    52     72      98    278     744
9429         8    11     9     5    16    12     78    17    55    52    55    162      59    299     670
9558        17    18    17     9    18    13    108    16    30    35    32     97      93    298     783
9760        12    13     7    14    18    16     95    15    25    25    37     87      55    237     590